sum = 1.000000
len = 1000
Eigenvec=
[[6.67701444e-03]
 [1.38289099e-02]
 [1.82934461e-02]
 [6.16669894e-03]
 [1.34140943e-02]
 [3.72017338e-04]
 [3.86761930e-04]
 [4.45914811e-04]
 [4.45914811e-04]
 [4.37221000e-04]
 [4.45914811e-04]
 [4.45914811e-04]
 [2.97844908e-03]
 [3.44672210e-03]
 [4.45914811e-04]
 [3.72017338e-04]
 [8.38485924e-05]
 [2.04863928e-03]
 [7.25970848e-05]
 [8.38485924e-05]
 [4.03729318e-05]
 [8.14960359e-05]
 [6.80066972e-05]
 [2.06197263e-03]
 [2.70734047e-03]
 [8.38485924e-05]
 [7.99560690e-05]
 [1.06571270e-03]
 [1.03554585e-04]
 [8.38485924e-05]
 [8.38485924e-05]
 [7.84253221e-02]
 [1.17770251e-03]
 [1.17770251e-03]
 [1.17770251e-03]
 [1.04371722e-03]
 [1.19740850e-03]
 [1.17770251e-03]
 [1.17770251e-03]
 [1.17770251e-03]
 [2.27024733e-03]
 [1.17770251e-03]
 [1.17770251e-03]
 [1.26175057e-03]
 [3.14249319e-03]
 [1.17770251e-03]
 [6.06058013e-05]
 [6.06058013e-05]
 [6.06058013e-05]
 [6.06058013e-05]
 [6.06058013e-05]
 [6.06058013e-05]
 [6.06058013e-05]
 [6.06058013e-05]
 [6.06058013e-05]
 [6.06058013e-05]
 [6.06058013e-05]
 [6.06058013e-05]
 [6.06058013e-05]
 [1.03938679e-04]
 [1.03938679e-04]
 [1.03938679e-04]
 [2.72743056e-03]
 [2.72743056e-03]
 [1.14101775e-03]
 [1.03938679e-04]
 [1.24970814e-04]
 [2.09449683e-03]
 [1.03938679e-04]
 [2.06872936e-03]
 [1.03938679e-04]
 [1.03938679e-04]
 [1.98361638e-03]
 [5.40898511e-05]
 [4.03544902e-05]
 [4.03544902e-05]
 [4.03544902e-05]
 [4.03544902e-05]
 [4.03544902e-05]
 [4.03544902e-05]
 [4.03544902e-05]
 [4.03544902e-05]
 [4.03544902e-05]
 [4.03544902e-05]
 [4.03544902e-05]
 [4.03544902e-05]
 [4.03544902e-05]
 [4.03544902e-05]
 [4.03544902e-05]
 [4.43087476e-05]
 [4.43087476e-05]
 [4.43087476e-05]
 [4.43087476e-05]
 [4.43087476e-05]
 [4.43087476e-05]
 [4.43087476e-05]
 [4.43087476e-05]
 [4.43087476e-05]
 [4.43087476e-05]
 [4.43087476e-05]
 [4.43087476e-05]
 [4.43087476e-05]
 [4.43087476e-05]
 [4.43087476e-05]
 [6.13665069e-05]
 [6.13665069e-05]
 [6.13665069e-05]
 [6.13665069e-05]
 [6.13665069e-05]
 [6.13665069e-05]
 [6.13665069e-05]
 [6.13665069e-05]
 [6.13665069e-05]
 [6.13665069e-05]
 [6.13665069e-05]
 [6.13665069e-05]
 [6.13665069e-05]
 [6.13665069e-05]
 [6.13665069e-05]
 [6.13665069e-05]
 [6.13665069e-05]
 [6.13665069e-05]
 [6.13665069e-05]
 [6.13665069e-05]
 [6.13665069e-05]
 [6.13665069e-05]
 [6.13665069e-05]
 [6.13665069e-05]
 [6.13665069e-05]
 [6.13665069e-05]
 [6.13665069e-05]
 [6.13665069e-05]
 [6.13665069e-05]
 [6.13665069e-05]
 [8.01037880e-05]
 [8.01037880e-05]
 [8.01037880e-05]
 [8.01037880e-05]
 [8.01037880e-05]
 [8.01037880e-05]
 [8.01037880e-05]
 [8.01037880e-05]
 [8.01037880e-05]
 [8.01037880e-05]
 [8.01037880e-05]
 [6.13665069e-05]
 [6.13665069e-05]
 [6.13665069e-05]
 [6.13665069e-05]
 [6.13665069e-05]
 [6.13665069e-05]
 [6.13665069e-05]
 [6.13665069e-05]
 [6.13665069e-05]
 [6.13665069e-05]
 [6.13665069e-05]
 [6.13665069e-05]
 [6.13665069e-05]
 [6.13665069e-05]
 [6.13665069e-05]
 [6.13665069e-05]
 [6.13665069e-05]
 [6.13665069e-05]
 [6.13665069e-05]
 [6.13665069e-05]
 [6.13665069e-05]
 [6.13665069e-05]
 [6.13665069e-05]
 [6.13665069e-05]
 [6.13665069e-05]
 [6.13665069e-05]
 [6.13665069e-05]
 [6.13665069e-05]
 [6.13665069e-05]
 [6.13665069e-05]
 [3.09351894e-04]
 [3.09351894e-04]
 [6.36635182e-04]
 [3.09351894e-04]
 [3.09351894e-04]
 [3.09351894e-04]
 [3.09351894e-04]
 [3.09351894e-04]
 [5.24996760e-03]
 [5.24996760e-03]
 [5.24996760e-03]
 [5.27254446e-03]
 [5.42419849e-03]
 [5.24996760e-03]
 [5.24996760e-03]
 [5.24996760e-03]
 [5.24996760e-03]
 [5.24996760e-03]
 [5.42419849e-03]
 [5.24996760e-03]
 [5.24996760e-03]
 [5.24996760e-03]
 [5.24996760e-03]
 [6.13665069e-05]
 [6.13665069e-05]
 [6.13665069e-05]
 [6.13665069e-05]
 [6.13665069e-05]
 [6.13665069e-05]
 [6.13665069e-05]
 [6.13665069e-05]
 [6.13665069e-05]
 [6.13665069e-05]
 [6.13665069e-05]
 [6.13665069e-05]
 [6.13665069e-05]
 [6.13665069e-05]
 [6.13665069e-05]
 [2.01772451e-04]
 [2.01772451e-04]
 [2.01772451e-04]
 [1.22799418e-04]
 [1.22799418e-04]
 [1.22799418e-04]
 [1.22799418e-04]
 [1.22799418e-04]
 [1.22799418e-04]
 [1.22799418e-04]
 [1.22799418e-04]
 [1.22799418e-04]
 [1.22799418e-04]
 [1.22799418e-04]
 [1.22799418e-04]
 [1.22799418e-04]
 [1.22799418e-04]
 [1.22799418e-04]
 [5.27553910e-03]
 [5.27553910e-03]
 [5.27553910e-03]
 [5.27553910e-03]
 [5.27553910e-03]
 [5.27553910e-03]
 [5.27553910e-03]
 [5.27553910e-03]
 [5.27553910e-03]
 [5.27553910e-03]
 [5.31591204e-03]
 [5.27553910e-03]
 [5.27553910e-03]
 [5.27553910e-03]
 [5.27553910e-03]
 [4.05904892e-04]
 [4.05904892e-04]
 [4.05904892e-04]
 [1.22799418e-04]
 [1.22799418e-04]
 [1.22799418e-04]
 [1.22799418e-04]
 [1.22799418e-04]
 [1.22799418e-04]
 [1.22799418e-04]
 [1.22799418e-04]
 [1.22799418e-04]
 [1.22799418e-04]
 [1.22799418e-04]
 [1.22799418e-04]
 [1.22799418e-04]
 [1.22799418e-04]
 [1.22799418e-04]
 [1.89285580e-04]
 [1.89285580e-04]
 [1.89285580e-04]
 [1.89285580e-04]
 [1.89285580e-04]
 [1.89285580e-04]
 [1.89285580e-04]
 [1.89285580e-04]
 [1.89285580e-04]
 [4.95612092e-04]
 [4.95612092e-04]
 [1.26122673e-04]
 [1.26122673e-04]
 [1.26122673e-04]
 [1.26122673e-04]
 [1.80212524e-04]
 [1.26122673e-04]
 [1.26122673e-04]
 [1.26122673e-04]
 [1.26122673e-04]
 [1.26122673e-04]
 [1.26122673e-04]
 [1.26122673e-04]
 [1.26122673e-04]
 [1.26122673e-04]
 [1.26122673e-04]
 [1.79494032e-04]
 [1.79494032e-04]
 [1.79494032e-04]
 [1.79494032e-04]
 [5.06777321e-04]
 [1.79494032e-04]
 [1.79494032e-04]
 [1.79494032e-04]
 [1.79494032e-04]
 [1.79494032e-04]
 [1.79494032e-04]
 [1.79494032e-04]
 [1.79494032e-04]
 [1.79494032e-04]
 [1.79494032e-04]
 [1.22799418e-04]
 [1.22799418e-04]
 [1.22799418e-04]
 [1.22799418e-04]
 [1.22799418e-04]
 [1.22799418e-04]
 [1.22799418e-04]
 [1.22799418e-04]
 [1.22799418e-04]
 [1.22799418e-04]
 [1.22799418e-04]
 [1.22799418e-04]
 [1.22799418e-04]
 [1.22799418e-04]
 [1.22799418e-04]
 [2.30740897e-04]
 [2.30740897e-04]
 [2.30740897e-04]
 [2.30740897e-04]
 [2.30740897e-04]
 [2.30740897e-04]
 [2.30740897e-04]
 [3.15142570e-04]
 [1.40911679e-04]
 [1.40911679e-04]
 [1.40911679e-04]
 [1.40911679e-04]
 [1.40911679e-04]
 [1.40911679e-04]
 [1.40911679e-04]
 [1.40911679e-04]
 [1.40911679e-04]
 [1.40911679e-04]
 [1.40911679e-04]
 [1.40911679e-04]
 [1.40911679e-04]
 [1.40911679e-04]
 [5.27555363e-03]
 [5.27555363e-03]
 [5.27555363e-03]
 [5.27555363e-03]
 [5.31590812e-03]
 [5.27555363e-03]
 [5.27555363e-03]
 [5.27555363e-03]
 [5.27555363e-03]
 [5.27555363e-03]
 [5.27555363e-03]
 [5.27555363e-03]
 [5.27555363e-03]
 [5.27555363e-03]
 [5.27555363e-03]
 [1.22799418e-04]
 [1.22799418e-04]
 [1.22799418e-04]
 [1.22799418e-04]
 [1.22799418e-04]
 [1.22799418e-04]
 [1.22799418e-04]
 [1.22799418e-04]
 [1.22799418e-04]
 [1.22799418e-04]
 [1.22799418e-04]
 [1.22799418e-04]
 [1.22799418e-04]
 [1.22799418e-04]
 [1.22799418e-04]
 [1.22799418e-04]
 [1.22799418e-04]
 [1.22799418e-04]
 [1.22799418e-04]
 [1.22799418e-04]
 [1.22799418e-04]
 [1.22799418e-04]
 [1.22799418e-04]
 [1.22799418e-04]
 [1.22799418e-04]
 [1.22799418e-04]
 [1.22799418e-04]
 [1.22799418e-04]
 [1.22799418e-04]
 [1.22799418e-04]
 [1.63968242e-04]
 [1.63968242e-04]
 [1.63968242e-04]
 [1.63968242e-04]
 [1.63968242e-04]
 [1.63968242e-04]
 [1.63968242e-04]
 [1.63968242e-04]
 [1.63968242e-04]
 [1.63968242e-04]
 [1.63968242e-04]
 [1.63968242e-04]
 [1.63968242e-04]
 [1.63968242e-04]
 [1.63968242e-04]
 [5.31380955e-03]
 [5.31380955e-03]
 [5.31380955e-03]
 [5.31380955e-03]
 [5.31380955e-03]
 [5.31380955e-03]
 [5.31380955e-03]
 [5.31380955e-03]
 [5.31380955e-03]
 [5.31380955e-03]
 [5.31380955e-03]
 [5.31380955e-03]
 [5.31380955e-03]
 [5.31380955e-03]
 [5.31380955e-03]
 [1.63968242e-04]
 [1.63968242e-04]
 [1.63968242e-04]
 [1.63968242e-04]
 [1.63968242e-04]
 [1.63968242e-04]
 [1.63968242e-04]
 [1.63968242e-04]
 [1.63968242e-04]
 [1.63968242e-04]
 [1.63968242e-04]
 [1.63968242e-04]
 [1.63968242e-04]
 [1.63968242e-04]
 [1.63968242e-04]
 [1.63968242e-04]
 [1.63968242e-04]
 [1.63968242e-04]
 [1.63968242e-04]
 [1.63968242e-04]
 [1.63968242e-04]
 [1.63968242e-04]
 [1.63968242e-04]
 [1.63968242e-04]
 [1.63968242e-04]
 [1.63968242e-04]
 [1.63968242e-04]
 [1.63968242e-04]
 [1.63968242e-04]
 [1.63968242e-04]
 [3.44753358e-04]
 [3.44753358e-04]
 [3.44753358e-04]
 [3.44753358e-04]
 [3.44753358e-04]
 [3.44753358e-04]
 [1.66881147e-04]
 [1.66881147e-04]
 [1.66881147e-04]
 [2.07235638e-04]
 [1.66881147e-04]
 [1.66881147e-04]
 [1.66881147e-04]
 [1.66881147e-04]
 [1.66881147e-04]
 [1.66881147e-04]
 [1.66881147e-04]
 [1.66881147e-04]
 [1.66881147e-04]
 [1.66881147e-04]
 [1.66881147e-04]
 [1.63968242e-04]
 [1.63968242e-04]
 [1.63968242e-04]
 [1.63968242e-04]
 [1.63968242e-04]
 [1.63968242e-04]
 [1.63968242e-04]
 [1.63968242e-04]
 [1.63968242e-04]
 [1.63968242e-04]
 [1.63968242e-04]
 [1.63968242e-04]
 [1.63968242e-04]
 [1.63968242e-04]
 [1.63968242e-04]
 [1.63968242e-04]
 [1.63968242e-04]
 [1.63968242e-04]
 [1.63968242e-04]
 [1.63968242e-04]
 [1.63968242e-04]
 [1.63968242e-04]
 [1.63968242e-04]
 [1.63968242e-04]
 [1.63968242e-04]
 [1.63968242e-04]
 [1.63968242e-04]
 [1.63968242e-04]
 [1.63968242e-04]
 [1.63968242e-04]
 [5.31380955e-03]
 [5.31380955e-03]
 [5.31380955e-03]
 [5.31380955e-03]
 [5.31380955e-03]
 [5.31380955e-03]
 [5.31380955e-03]
 [5.31380955e-03]
 [5.31380955e-03]
 [5.31380955e-03]
 [5.31380955e-03]
 [5.31380955e-03]
 [5.31380955e-03]
 [5.31380955e-03]
 [5.31380955e-03]
 [5.33614923e-03]
 [5.51038012e-03]
 [5.33614923e-03]
 [5.33614923e-03]
 [5.33614923e-03]
 [5.33614923e-03]
 [5.33614923e-03]
 [5.33614923e-03]
 [5.33614923e-03]
 [5.33614923e-03]
 [5.37650372e-03]
 [5.33614923e-03]
 [5.33614923e-03]
 [5.33614923e-03]
 [5.33614923e-03]
 [1.63968242e-04]
 [1.63968242e-04]
 [1.63968242e-04]
 [1.63968242e-04]
 [1.63968242e-04]
 [1.63968242e-04]
 [1.63968242e-04]
 [1.63968242e-04]
 [1.63968242e-04]
 [1.63968242e-04]
 [1.63968242e-04]
 [1.63968242e-04]
 [1.63968242e-04]
 [1.63968242e-04]
 [1.63968242e-04]
 [1.63968242e-04]
 [1.63968242e-04]
 [1.63968242e-04]
 [1.63968242e-04]
 [1.63968242e-04]
 [1.63968242e-04]
 [1.63968242e-04]
 [1.63968242e-04]
 [1.63968242e-04]
 [1.63968242e-04]
 [1.63968242e-04]
 [1.63968242e-04]
 [1.63968242e-04]
 [1.63968242e-04]
 [1.63968242e-04]
 [1.65199867e-04]
 [1.65199867e-04]
 [1.65199867e-04]
 [1.65199867e-04]
 [1.65199867e-04]
 [1.65199867e-04]
 [1.65199867e-04]
 [1.65199867e-04]
 [1.65199867e-04]
 [1.65199867e-04]
 [1.65199867e-04]
 [1.65199867e-04]
 [1.65199867e-04]
 [1.65199867e-04]
 [1.65199867e-04]
 [1.66866620e-04]
 [1.66866620e-04]
 [1.66866620e-04]
 [1.66866620e-04]
 [1.66866620e-04]
 [1.66866620e-04]
 [2.07239552e-04]
 [1.66866620e-04]
 [1.66866620e-04]
 [1.66866620e-04]
 [1.66866620e-04]
 [1.66866620e-04]
 [1.66866620e-04]
 [1.66866620e-04]
 [1.66866620e-04]
 [1.63968242e-04]
 [1.63968242e-04]
 [1.63968242e-04]
 [1.63968242e-04]
 [1.63968242e-04]
 [1.63968242e-04]
 [1.63968242e-04]
 [1.63968242e-04]
 [1.63968242e-04]
 [1.63968242e-04]
 [1.63968242e-04]
 [1.63968242e-04]
 [1.63968242e-04]
 [1.63968242e-04]
 [1.63968242e-04]
 [6.48174417e-05]
 [6.48174417e-05]
 [6.48174417e-05]
 [6.48174417e-05]
 [6.48174417e-05]
 [6.48174417e-05]
 [6.48174417e-05]
 [6.48174417e-05]
 [6.48174417e-05]
 [6.48174417e-05]
 [6.48174417e-05]
 [6.48174417e-05]
 [6.48174417e-05]
 [6.48174417e-05]
 [6.48174417e-05]
 [6.48174417e-05]
 [6.48174417e-05]
 [6.48174417e-05]
 [6.48174417e-05]
 [6.48174417e-05]
 [6.48174417e-05]
 [6.48174417e-05]
 [6.48174417e-05]
 [6.48174417e-05]
 [6.48174417e-05]
 [6.48174417e-05]
 [6.48174417e-05]
 [6.48174417e-05]
 [6.48174417e-05]
 [6.48174417e-05]
 [5.21465875e-03]
 [5.21465875e-03]
 [5.21465875e-03]
 [5.21465875e-03]
 [5.21465875e-03]
 [5.21465875e-03]
 [5.21465875e-03]
 [5.21465875e-03]
 [5.21465875e-03]
 [5.21465875e-03]
 [5.21465875e-03]
 [5.21465875e-03]
 [5.21465875e-03]
 [5.21465875e-03]
 [5.21465875e-03]
 [6.48174417e-05]
 [6.48174417e-05]
 [6.48174417e-05]
 [6.48174417e-05]
 [6.48174417e-05]
 [6.48174417e-05]
 [6.48174417e-05]
 [6.48174417e-05]
 [6.48174417e-05]
 [6.48174417e-05]
 [6.48174417e-05]
 [6.48174417e-05]
 [6.48174417e-05]
 [6.48174417e-05]
 [6.48174417e-05]
 [6.48174417e-05]
 [6.48174417e-05]
 [6.48174417e-05]
 [6.48174417e-05]
 [6.48174417e-05]
 [6.48174417e-05]
 [6.48174417e-05]
 [6.48174417e-05]
 [6.48174417e-05]
 [6.48174417e-05]
 [6.48174417e-05]
 [6.48174417e-05]
 [6.48174417e-05]
 [6.48174417e-05]
 [6.48174417e-05]
 [6.48174417e-05]
 [6.48174417e-05]
 [6.48174417e-05]
 [6.48174417e-05]
 [6.48174417e-05]
 [6.48174417e-05]
 [6.48174417e-05]
 [6.48174417e-05]
 [6.48174417e-05]
 [6.48174417e-05]
 [6.48174417e-05]
 [6.48174417e-05]
 [6.48174417e-05]
 [6.48174417e-05]
 [6.48174417e-05]
 [6.48174417e-05]
 [6.48174417e-05]
 [6.48174417e-05]
 [6.48174417e-05]
 [6.48174417e-05]
 [6.48174417e-05]
 [6.48174417e-05]
 [6.48174417e-05]
 [6.48174417e-05]
 [6.48174417e-05]
 [6.48174417e-05]
 [6.48174417e-05]
 [6.48174417e-05]
 [6.48174417e-05]
 [6.48174417e-05]
 [6.48174417e-05]
 [6.48174417e-05]
 [6.48174417e-05]
 [6.48174417e-05]
 [6.48174417e-05]
 [6.48174417e-05]
 [6.48174417e-05]
 [6.48174417e-05]
 [6.48174417e-05]
 [6.48174417e-05]
 [6.48174417e-05]
 [6.48174417e-05]
 [6.48174417e-05]
 [6.48174417e-05]
 [6.48174417e-05]
 [6.48174417e-05]
 [6.48174417e-05]
 [6.48174417e-05]
 [6.48174417e-05]
 [6.48174417e-05]
 [6.48174417e-05]
 [6.48174417e-05]
 [6.48174417e-05]
 [6.48174417e-05]
 [6.48174417e-05]
 [6.48174417e-05]
 [6.48174417e-05]
 [6.48174417e-05]
 [6.48174417e-05]
 [6.48174417e-05]
 [6.48174417e-05]
 [6.48174417e-05]
 [6.48174417e-05]
 [6.48174417e-05]
 [6.48174417e-05]
 [6.48174417e-05]
 [6.48174417e-05]
 [6.48174417e-05]
 [6.48174417e-05]
 [6.48174417e-05]
 [6.48174417e-05]
 [6.48174417e-05]
 [6.48174417e-05]
 [6.48174417e-05]
 [6.48174417e-05]
 [6.48174417e-05]
 [6.48174417e-05]
 [6.48174417e-05]
 [6.48174417e-05]
 [6.48174417e-05]
 [6.48174417e-05]
 [6.48174417e-05]
 [6.48174417e-05]
 [6.48174417e-05]
 [6.48174417e-05]
 [6.48174417e-05]
 [6.48174417e-05]
 [6.48174417e-05]
 [6.48174417e-05]
 [6.48174417e-05]
 [6.48174417e-05]
 [6.48174417e-05]
 [6.48174417e-05]
 [6.48174417e-05]
 [6.48174417e-05]
 [6.48174417e-05]
 [6.48174417e-05]
 [6.48174417e-05]
 [6.48174417e-05]
 [6.48174417e-05]
 [6.48174417e-05]
 [6.48174417e-05]
 [6.48174417e-05]
 [6.48174417e-05]
 [6.48174417e-05]
 [6.48174417e-05]
 [6.48174417e-05]
 [6.48174417e-05]
 [6.48174417e-05]
 [6.48174417e-05]
 [6.48174417e-05]
 [6.48174417e-05]
 [6.48174417e-05]
 [6.48174417e-05]
 [6.48174417e-05]
 [6.48174417e-05]
 [6.48174417e-05]
 [6.48174417e-05]
 [6.48174417e-05]
 [6.48174417e-05]
 [1.23632752e-04]
 [1.23632752e-04]
 [1.23632752e-04]
 [1.23632752e-04]
 [1.23632752e-04]
 [1.23632752e-04]
 [1.23632752e-04]
 [1.23632752e-04]
 [1.23632752e-04]
 [1.23632752e-04]
 [1.23632752e-04]
 [1.23632752e-04]
 [1.23632752e-04]
 [1.23632752e-04]
 [1.23632752e-04]
 [1.23632752e-04]
 [1.23632752e-04]
 [1.23632752e-04]
 [1.23632752e-04]
 [1.23632752e-04]
 [1.23632752e-04]
 [1.23632752e-04]
 [1.23632752e-04]
 [1.23632752e-04]
 [1.23632752e-04]
 [1.23632752e-04]
 [1.23632752e-04]
 [1.23632752e-04]
 [1.23632752e-04]
 [1.23632752e-04]
 [1.23632752e-04]
 [1.23632752e-04]
 [1.23632752e-04]
 [1.23632752e-04]
 [1.23632752e-04]
 [1.23632752e-04]
 [1.23632752e-04]
 [1.23632752e-04]
 [1.23632752e-04]
 [1.23632752e-04]
 [1.23632752e-04]
 [1.23632752e-04]
 [1.23632752e-04]
 [1.23632752e-04]
 [1.23632752e-04]
 [1.80327367e-04]
 [5.07610655e-04]
 [1.80327367e-04]
 [1.80327367e-04]
 [1.80327367e-04]
 [1.80327367e-04]
 [1.80327367e-04]
 [1.80327367e-04]
 [1.80327367e-04]
 [1.80327367e-04]
 [1.80327367e-04]
 [1.80327367e-04]
 [1.80327367e-04]
 [1.80327367e-04]
 [1.80327367e-04]
 [5.33016868e-03]
 [5.33016868e-03]
 [5.33016868e-03]
 [5.33016868e-03]
 [5.33016868e-03]
 [5.33016868e-03]
 [5.65745196e-03]
 [5.33016868e-03]
 [5.33016868e-03]
 [5.33016868e-03]
 [5.33016868e-03]
 [5.33016868e-03]
 [5.33016868e-03]
 [5.33016868e-03]
 [5.33016868e-03]
 [1.26168015e-04]
 [1.26168015e-04]
 [1.26168015e-04]
 [1.26168015e-04]
 [1.26168015e-04]
 [1.48744878e-04]
 [1.26168015e-04]
 [1.26168015e-04]
 [1.26168015e-04]
 [1.26168015e-04]
 [1.26168015e-04]
 [1.26168015e-04]
 [1.26168015e-04]
 [1.26168015e-04]
 [1.26168015e-04]
 [1.23632752e-04]
 [1.23632752e-04]
 [1.23632752e-04]
 [1.23632752e-04]
 [1.23632752e-04]
 [1.23632752e-04]
 [1.23632752e-04]
 [1.23632752e-04]
 [1.23632752e-04]
 [1.23632752e-04]
 [1.23632752e-04]
 [1.23632752e-04]
 [1.23632752e-04]
 [1.23632752e-04]
 [1.23632752e-04]
 [1.26743817e-04]
 [1.26743817e-04]
 [1.26743817e-04]
 [1.26743817e-04]
 [1.26743817e-04]
 [1.71052565e-04]
 [1.26743817e-04]
 [1.26743817e-04]
 [1.26743817e-04]
 [1.26743817e-04]
 [1.26743817e-04]
 [1.26743817e-04]
 [1.26743817e-04]
 [1.26743817e-04]
 [1.26743817e-04]
 [5.55842334e-03]
 [5.55842334e-03]
 [5.55842334e-03]
 [5.61251319e-03]
 [5.55842334e-03]
 [5.55842334e-03]
 [5.55842334e-03]
 [5.55842334e-03]
 [5.55842334e-03]
 [5.55842334e-03]
 [5.55842334e-03]
 [5.60273209e-03]
 [5.55842334e-03]
 [5.55842334e-03]
 [1.23632752e-04]
 [1.23632752e-04]
 [1.23632752e-04]
 [1.23632752e-04]
 [1.23632752e-04]
 [1.23632752e-04]
 [1.23632752e-04]
 [1.23632752e-04]
 [1.23632752e-04]
 [1.23632752e-04]
 [1.23632752e-04]
 [1.23632752e-04]
 [1.23632752e-04]
 [1.23632752e-04]
 [1.23632752e-04]
 [1.26531130e-04]
 [1.26531130e-04]
 [1.26531130e-04]
 [1.26531130e-04]
 [1.26531130e-04]
 [1.66904061e-04]
 [1.26531130e-04]
 [1.26531130e-04]
 [1.26531130e-04]
 [1.26531130e-04]
 [1.26531130e-04]
 [1.26531130e-04]
 [1.26531130e-04]
 [1.26531130e-04]
 [1.26531130e-04]
 [1.23632752e-04]
 [1.23632752e-04]
 [1.23632752e-04]
 [1.23632752e-04]
 [1.23632752e-04]
 [1.23632752e-04]
 [1.23632752e-04]
 [1.23632752e-04]
 [1.23632752e-04]
 [1.23632752e-04]
 [1.23632752e-04]
 [1.23632752e-04]
 [1.23632752e-04]
 [1.23632752e-04]
 [1.23632752e-04]
 [1.23632752e-04]
 [1.23632752e-04]
 [1.23632752e-04]
 [1.23632752e-04]
 [1.23632752e-04]
 [1.23632752e-04]
 [1.23632752e-04]
 [1.23632752e-04]
 [1.23632752e-04]
 [1.23632752e-04]
 [1.23632752e-04]
 [1.23632752e-04]
 [1.23632752e-04]
 [1.23632752e-04]
 [1.23632752e-04]
 [2.15037373e-04]
 [2.15037373e-04]
 [2.15037373e-04]
 [2.15037373e-04]
 [2.15037373e-04]
 [2.69127224e-04]
 [2.15037373e-04]
 [2.15037373e-04]]