0 1
0 2
0 3
0 4
0 5
0 6
0 7
0 8
0 9
0 10
0 11
0 12
0 13
0 14
0 15
1 16
1 17
1 18
1 19
1 20
1 21
1 22
1 23
1 24
1 25
1 26
1 27
1 28
1 29
1 30
2 31
2 32
2 33
2 34
2 35
2 36
2 37
2 38
2 39
2 40
2 41
2 42
2 43
2 44
2 45
3 46
3 47
3 48
3 49
3 50
3 51
3 52
3 53
3 54
3 55
3 56
3 57
3 58
4 59
4 60
4 61
4 62
4 63
4 64
4 65
4 66
4 67
4 68
4 69
4 70
4 71
4 72
4 73
5 74
5 75
5 76
5 77
5 78
5 79
5 80
5 81
5 82
5 83
5 84
5 85
5 86
5 87
5 88
6 89
6 90
6 91
6 92
6 93
6 94
6 95
6 96
6 97
6 98
6 99
6 100
6 101
6 102
6 103
7 104
7 105
7 106
7 107
7 108
7 109
7 110
7 111
7 112
7 113
7 114
7 115
7 116
7 117
7 118
8 119
8 120
8 121
8 122
8 123
8 124
8 125
8 126
8 127
8 128
8 129
8 130
8 131
8 132
8 133
9 134
9 135
9 136
9 137
9 138
9 139
9 140
9 141
9 142
9 143
9 144
10 145
10 146
10 147
10 148
10 149
10 150
10 151
10 152
10 153
10 154
10 155
10 156
10 157
10 158
10 159
11 160
11 161
11 162
11 163
11 164
11 165
11 166
11 167
11 168
11 169
11 170
11 171
11 172
11 173
11 174
12 175
12 176
12 177
12 178
12 179
12 180
12 181
12 182
13 183
13 184
13 185
13 186
13 187
13 188
13 189
13 190
13 191
13 192
13 193
13 194
13 195
13 196
13 197
14 198
14 199
14 200
14 201
14 202
14 203
14 204
14 205
14 206
14 207
14 208
14 209
14 210
14 211
14 212
15 213
15 214
15 215
16 216
16 217
16 218
16 219
16 220
16 221
16 222
16 223
16 224
16 225
16 226
16 227
16 228
16 229
16 230
17 231
17 232
17 233
17 234
17 235
17 236
17 237
17 238
17 239
17 240
17 241
17 242
17 243
17 244
17 245
18 246
18 247
18 248
19 249
19 250
19 251
19 252
19 253
19 254
19 255
19 256
19 257
19 258
19 259
19 260
19 261
19 262
19 263
21 264
21 265
21 266
21 267
21 268
21 269
21 270
21 271
21 272
22 273
22 274
23 275
23 276
23 277
23 278
23 279
23 280
23 281
23 282
23 283
23 284
23 285
23 286
23 287
23 288
23 289
24 290
24 291
24 292
24 293
24 294
24 295
24 296
24 297
24 298
24 299
24 300
24 301
24 302
24 303
24 304
25 305
25 306
25 307
25 308
25 309
25 310
25 311
25 312
25 313
25 314
25 315
25 316
25 317
25 318
25 319
26 320
26 321
26 322
26 323
26 324
26 325
26 326
27 327
27 328
27 329
27 330
27 331
27 332
27 333
27 334
27 335
27 336
27 337
27 338
27 339
27 340
27 341
28 342
28 343
28 344
28 345
28 346
28 347
28 348
28 349
28 350
28 351
28 352
28 353
28 354
28 355
28 356
29 357
29 358
29 359
29 360
29 361
29 362
29 363
29 364
29 365
29 366
29 367
29 368
29 369
29 370
29 371
30 372
30 373
30 374
30 375
30 376
30 377
30 378
30 379
30 380
30 381
30 382
30 383
30 384
30 385
30 386
31 387
31 388
31 389
31 390
31 391
31 392
31 393
31 394
31 395
31 396
31 397
31 398
31 399
31 400
31 401
32 402
32 403
32 404
32 405
32 406
32 407
32 408
32 409
32 410
32 411
32 412
32 413
32 414
32 415
32 416
33 417
33 418
33 419
33 420
33 421
33 422
33 423
33 424
33 425
33 426
33 427
33 428
33 429
33 430
33 431
34 432
34 433
34 434
34 435
34 436
34 437
34 438
34 439
34 440
34 441
34 442
34 443
34 444
34 445
34 446
35 447
35 448
35 449
35 450
35 451
35 452
36 453
36 454
36 455
36 456
36 457
36 458
36 459
36 460
36 461
36 462
36 463
36 464
36 465
36 466
36 467
37 468
37 469
37 470
37 471
37 472
37 473
37 474
37 475
37 476
37 477
37 478
37 479
37 480
37 481
37 482
38 483
38 484
38 485
38 486
38 487
38 488
38 489
38 490
38 491
38 492
38 493
38 494
38 495
38 496
38 497
39 498
39 499
39 500
39 501
39 502
39 503
39 504
39 505
39 506
39 507
39 508
39 509
39 510
39 511
39 512
40 513
40 514
40 515
40 516
40 517
40 518
40 519
40 520
40 521
40 522
40 523
40 524
40 525
40 526
40 527
41 528
41 529
41 530
41 531
41 532
41 533
41 534
41 535
41 536
41 537
41 538
41 539
41 540
41 541
41 542
42 543
42 544
42 545
42 546
42 547
42 548
42 549
42 550
42 551
42 552
42 553
42 554
42 555
42 556
42 557
43 558
43 559
43 560
43 561
43 562
43 563
43 564
43 565
43 566
43 567
43 568
43 569
43 570
43 571
43 572
44 573
44 574
44 575
44 576
44 577
44 578
44 579
44 580
44 581
44 582
44 583
44 584
44 585
44 586
44 587
45 588
45 589
45 590
45 591
45 592
45 593
45 594
45 595
45 596
45 597
45 598
45 599
45 600
45 601
45 602
46 603
46 604
46 605
46 606
46 607
46 608
46 609
46 610
46 611
46 612
46 613
46 614
46 615
46 616
46 617
47 618
47 619
47 620
47 621
47 622
47 623
47 624
47 625
47 626
47 627
47 628
47 629
47 630
47 631
47 632
48 633
48 634
48 635
48 636
48 637
48 638
48 639
48 640
48 641
48 642
48 643
48 644
48 645
48 646
48 647
49 648
49 649
49 650
49 651
49 652
49 653
49 654
49 655
49 656
49 657
49 658
49 659
49 660
49 661
49 662
50 663
50 664
50 665
50 666
50 667
50 668
50 669
50 670
50 671
50 672
50 673
50 674
50 675
50 676
50 677
51 678
51 679
51 680
51 681
51 682
51 683
51 684
51 685
51 686
51 687
51 688
51 689
51 690
51 691
51 692
52 693
52 694
52 695
52 696
52 697
52 698
52 699
52 700
52 701
52 702
52 703
52 704
52 705
52 706
52 707
53 708
53 709
53 710
53 711
53 712
53 713
53 714
53 715
53 716
53 717
53 718
53 719
53 720
53 721
53 722
54 723
54 724
54 725
54 726
54 727
54 728
54 729
54 730
54 731
54 732
54 733
54 734
54 735
54 736
54 737
55 738
55 739
55 740
55 741
55 742
55 743
55 744
55 745
55 746
55 747
55 748
55 749
55 750
55 751
55 752
56 753
56 754
56 755
56 756
56 757
56 758
56 759
56 760
56 761
56 762
56 763
56 764
56 765
56 766
56 767
57 768
57 769
57 770
57 771
57 772
57 773
57 774
57 775
57 776
57 777
57 778
57 779
57 780
57 781
57 782
58 783
58 784
58 785
58 786
58 787
58 788
58 789
58 790
58 791
58 792
58 793
58 794
58 795
58 796
58 797
59 798
59 799
59 800
59 801
59 802
59 803
59 804
59 805
59 806
59 807
59 808
59 809
59 810
59 811
59 812
60 813
60 814
60 815
60 816
60 817
60 818
60 819
60 820
60 821
60 822
60 823
60 824
60 825
60 826
60 827
61 828
61 829
61 830
61 831
61 832
61 833
61 834
61 835
61 836
61 837
61 838
61 839
61 840
61 841
61 842
62 843
62 844
62 845
62 846
62 847
62 848
62 849
62 850
62 851
62 852
62 853
62 854
62 855
62 856
62 857
63 858
63 859
63 860
63 861
63 862
63 863
63 864
63 865
63 866
63 867
63 868
63 869
63 870
63 871
63 872
64 873
64 874
64 875
64 876
64 877
64 878
64 879
64 880
64 881
64 882
64 883
64 884
64 885
64 886
64 887
65 888
65 889
65 890
65 891
65 892
65 893
65 894
65 895
65 896
65 897
65 898
65 899
65 900
65 901
65 902
66 903
66 904
66 905
66 906
66 907
66 908
66 909
66 910
66 911
66 912
66 913
66 914
66 915
66 916
66 917
67 918
67 919
67 920
67 921
67 922
67 923
67 924
67 925
67 926
67 927
67 928
67 929
67 930
67 931
68 932
68 933
68 934
68 935
68 936
68 937
68 938
68 939
68 940
68 941
68 942
68 943
68 944
68 945
68 946
69 947
69 948
69 949
69 950
69 951
69 952
69 953
69 954
69 955
69 956
69 957
69 958
69 959
69 960
69 961
70 962
70 963
70 964
70 965
70 966
70 967
70 968
70 969
70 970
70 971
70 972
70 973
70 974
70 975
70 976
71 977
71 978
71 979
71 980
71 981
71 982
71 983
71 984
71 985
71 986
71 987
71 988
71 989
71 990
71 991
72 992
72 993
72 994
72 995
72 996
72 997
72 998
72 999
